Initassets=[
    0	0	0	0	0	0	0	0	0	0	0	0	0	0	0	0	0	0
1.07591515	0.53259835	0.24555815	0.37092643	0.10852213	0.01932268	0.098364768	0.00183211	0.08622516	0.04324767	0.0388422	0.01819926	0.13692907	0.06804917	0.02421408	0.00898651	0.13759172	0.074569072
1.07150968	0.54022256	0.2445035	0.39591651	0.1073297	0.0211972	0.098053111	0.00192041	0.08508688	0.04322141	0.03827893	0.01816793	0.13594445	0.06733098	0.02341512	0.00908423	0.13927703	0.074332809
1.05263092	0.54353589	0.24205687	0.41630453	0.10525347	0.02281907	0.096584077	0.00199552	0.08301382	0.04292112	0.03740011	0.01797185	0.1338874	0.06589301	0.02248813	0.00903856	0.13967308	0.073219153
1.03052013	0.5467353	0.24093254	0.43220609	0.1032031	0.02411528	0.095051133	0.00206224	0.08087917	0.04269903	0.03653129	0.0177601	0.13177823	0.06435613	0.02162341	0.00891662	0.13985774	0.072057047
1.01814592	0.55549036	0.24436491	0.44551297	0.10226849	0.02512945	0.094720575	0.00213328	0.07967443	0.04300372	0.03605613	0.01771817	0.1308884	0.06344384	0.02103174	0.00880446	0.14126499	0.071806455
1.0237915	0.57355307	0.25481308	0.45654913	0.10308645	0.02582189	0.096468298	0.00221485	0.08002307	0.044124	0.03619301	0.01795699	0.13191398	0.06358308	0.02081631	0.0087443	0.14480029	0.073131382
1.05129687	0.60247527	0.27310113	0.46190932	0.10577813	0.02644143	0.100688999	0.00231158	0.08226031	0.04613825	0.03701297	0.01847074	0.13502601	0.06492951	0.02098186	0.00876113	0.15076709	0.076331041
1.0992987	0.64228882	0.29823158	0.46096456	0.11007024	0.0273263	0.107090706	0.00242893	0.08626906	0.0489435	0.03847414	0.01919023	0.13997854	0.06738933	0.02146622	0.00886895	0.15900368	0.081184094
1.16502751	0.69283235	0.32931042	0.45625428	0.11565565	0.02844593	0.11521532	0.00256593	0.09173735	0.05241735	0.04051086	0.02006762	0.14636732	0.07080557	0.02220242	0.00905924	0.16923915	0.08734326
1.24591121	0.75414753	0.36518678	0.45140716	0.12222973	0.02978327	0.124526798	0.00272215	0.09833953	0.05642251	0.04307625	0.02105438	0.15378952	0.07504345	0.02313077	0.00933335	0.18120186	0.094402172
1.3410706	0.82759409	0.40480262	0.45271897	0.1296475	0.03138411	0.134524471	0.0029024	0.10583633	0.06087668	0.04620143	0.02213173	0.16205003	0.08008778	0.02422884	0.00971862	0.19487507	0.101981279
1.44938262	0.91385418	0.44795475	0.46952237	0.13781165	0.03334365	0.144793154	0.00311568	0.11375241	0.06557269	0.04993062	0.02330064	0.17112485	0.08588618	0.02547057	0.01022363	0.21042549	0.109765836
1.57052888	1.01250454	0.49587183	0.50625777	0.14671403	0.03570882	0.155514163	0.00336545	0.1218603	0.0703534	0.05426885	0.02456696	0.181019	0.09232068	0.02681949	0.01082848	0.22803087	0.117893297
1.7031807	1.12223457	0.54890556	0.56324483	0.15620043	0.03843458	0.16690469	0.00364581	0.13016899	0.07512923	0.0591377	0.02589888	0.19138196	0.09916764	0.02820952	0.01151806	0.2474653	0.12652831
1.8448494	1.24035836	0.60718726	0.6397777	0.16605095	0.04144105	0.17925976	0.0039467	0.13870116	0.07978379	0.06439486	0.02725495	0.2017365	0.10609522	0.02955333	0.01226874	0.26830943	0.13589453
1.99597941	1.36542212	0.67199208	0.73493858	0.17635907	0.0446997	0.193392592	0.00426234	0.14783376	0.08436789	0.06996953	0.0286472	0.21193936	0.11289692	0.03080879	0.01307452	0.29053852	0.146608448
2.16000952	1.49689754	0.74923558	0.8430171	0.18717749	0.04816708	0.210344874	0.00458803	0.15772475	0.08903891	0.07575878	0.03009737	0.2217451	0.11935707	0.03197264	0.01392503	0.31473968	0.159459756
2.34081664	1.63602663	0.84180277	0.95937916	0.19842689	0.0517765	0.230211363	0.00492323	0.16819406	0.09395112	0.0816332	0.03161056	0.23114711	0.12554398	0.03307667	0.01481346	0.34188489	0.174520287
2.53655133	1.78165479	0.94426923	1.08229107	0.20977232	0.05536671	0.252084584	0.00526029	0.17899744	0.09908537	0.08732968	0.03313799	0.24015301	0.13155692	0.0340913	0.01571703	0.37214573	0.191102096
2.74564918	1.93315798	1.04936851	1.20988261	0.22089609	0.05875841	0.274791182	0.00559245	0.18990748	0.10446991	0.09256301	0.03463452	0.24895567	0.13763176	0.03500374	0.01661473	0.40584294	0.208315678
2.9668011	2.09050846	1.14785501	1.3402287	0.23148775	0.06175184	0.296864166	0.0059138	0.20070666	0.11017762	0.09702364	0.03605634	0.25793105	0.14414598	0.03581556	0.01748671	0.44345119	0.225048924
3.2010026	2.25631398	1.22566027	1.46828878	0.24164253	0.06423841	0.317684976	0.00623352	0.21139582	0.11628706	0.09994593	0.03739335	0.26720128	0.15160228	0.03655313	0.01833467	0.48477249	0.240832914
3.45482575	2.43448163	1.28101941	1.58938416	0.25195525	0.06644034	0.338648373	0.00657623	0.22227375	0.12291498	0.10118958	0.03871759	0.27678614	0.16018076	0.03728471	0.01921215	0.52952228	0.256724997
3.73194993	2.62431384	1.32203366	1.69988672	0.26257658	0.06860471	0.360892497	0.00695346	0.23329116	0.13006678	0.10137865	0.04006625	0.28668266	0.16961726	0.03803948	0.02016141	0.57749276	0.273587983
4.03406146	2.82283791	1.35893439	1.7943262	0.27351227	0.07100906	0.385636184	0.00737452	0.24422112	0.13764531	0.10129388	0.04145913	0.2966742	0.17942191	0.03882694	0.02122188	0.62794717	0.292345856
4.35927813	3.02363412	1.40427802	1.86476384	0.28455338	0.0739553	0.414084034	0.00784434	0.25458531	0.14540171	0.10189636	0.04288959	0.30625261	0.18880225	0.03963033	0.02242484	0.67933108	0.313911806
4.70407002	3.21778721	1.46592915	1.91624183	0.29543706	0.08028872	0.44813007	0.00845493	0.26384889	0.1530956	0.10361624	0.04431582	0.3149213	0.19719441	0.04042408	0.02392823	0.72861426	0.33972167
5.05743661	3.3970097	1.53837085	1.95519073	0.30557982	0.09160746	0.486796514	0.00924874	0.27151579	0.16023302	0.10586106	0.04563158	0.32213551	0.20436722	0.04112651	0.02571841	0.7724698	0.369034206
5.4068824	3.55688956	1.61697468	1.97600363	0.31446242	0.10600168	0.526861176	0.01014454	0.27733524	0.16617913	0.10828977	0.04676636	0.3275041	0.21003675	0.04166385	0.02754414	0.80901059	0.399406714
5.73882359	3.6941074	1.6961643	1.97323341	0.32160318	0.12095697	0.564396908	0.01103876	0.28117899	0.17025554	0.11050058	0.04765692	0.33073914	0.21399467	0.0419657	0.02909814	0.83652544	0.427862072
6.04231499	3.80871977	1.77043808	1.94282704	0.32674738	0.13347084	0.595193679	0.01181406	0.28320407	0.1718571	0.11209469	0.04827407	0.33184241	0.21623667	0.04198857	0.03004107	0.85404676	0.451208711
6.29805985	3.90889928	1.83245194	1.89348156	0.32967572	0.14118011	0.616073707	0.01237509	0.28336697	0.17148707	0.1127444	0.04860274	0.33081249	0.21704307	0.04173194	0.03021241	0.86418839	0.467037593
6.49122923	3.99878843	1.87970367	1.84372548	0.33034229	0.14458124	0.62744584	0.01272946	0.28139221	0.17013592	0.11251133	0.04864416	0.32765634	0.21669253	0.04123361	0.02977376	0.86968838	0.47565866
6.61905002	4.0731938	1.91399226	1.80545244	0.32884261	0.14483796	0.630500102	0.01291072	0.27720703	0.16795401	0.11157589	0.04840532	0.32250417	0.21526628	0.04051462	0.02886768	0.87005025	0.477974058
6.68415271	4.12883144	1.93880364	1.7924436	0.32550754	0.14345631	0.627185818	0.01296982	0.27092036	0.16521068	0.11021573	0.0479249	0.31570525	0.2129882	0.03962279	0.0276836	0.86528633	0.475461542
6.68749913	4.16021009	1.95719595	1.81805837	0.32054431	0.14207548	0.619477862	0.01295958	0.26252425	0.16210855	0.10867912	0.0472215	0.3074739	0.20998997	0.03858825	0.02641993	0.85500311	0.469618238
6.63389492	4.16137988	1.97024622	1.87619741	0.31404992	0.1416499	0.609535875	0.01296692	0.25193216	0.15855477	0.10685958	0.04625548	0.29770337	0.20612819	0.03738265	0.02521355	0.84082011	0.462081345
6.52478373	4.12813148	1.97650051	1.93550174	0.30550733	0.1411207	0.597585233	0.01297867	0.23914773	0.15409508	0.10425542	0.04492083	0.28599562	0.20089465	0.03593922	0.02398514	0.82528634	0.453021717
6.36194243	4.06032854	1.97656478	1.97137179	0.29443381	0.1392539	0.583249232	0.01290502	0.22454143	0.14850149	0.10060447	0.04317183	0.27236912	0.19401956	0.03426022	0.02263556	0.80993786	0.442153778
